6
0 1 7
0 2 5
1 2 2
1 3 4
2 3 3
2 4 6
3 4 2
4 5 1

15
0 1 7
0 2 5
1 2 2
1 3 4
2 3 3
2 4 6
3 4 2
4 5 1
5 6 8
5 7 3
6 7 7
6 8 4
7 8 6
8 9 2
9 10 5
10 11 3
11 12 6
12 13 4
13 14 7
14 0 2

29
0 1 5
0 2 3
1 2 4
1 3 6
2 4 2
3 4 7
3 5 8
4 6 1
5 6 9
6 7 3
7 8 4
8 9 2
9 10 5
10 11 6
11 12 7
12 13 8
13 14 2
14 15 4
15 16 6
16 17 7
17 18 3
18 19 4
19 20 5
20 21 2
21 22 6
22 23 8
23 24 3
24 25 5
25 26 7
26 27 2
27 28 4
28 29 6

0 53 74
0 70 50
0 46 13
0 82 65
0 24 71
1 64 19
1 62 60
1 50 46
1 73 48
2 91 65
2 72 14
3 47 100
3 70 48
3 39 54
3 45 50
3 80 75
3 84 66
4 81 92
4 53 92
4 66 62
4 86 91
5 64 18
5 86 29
5 17 49
5 13 49
5 47 58
6 64 1
7 84 80
7 21 88
7 61 58
8 70 77
8 13 1
8 71 11
8 17 71
9 84 36
9 43 12
9 31 9
9 64 98
9 25 53
10 28 70
10 84 2
10 32 42
10 20 3
10 59 86
11 80 43
11 60 78
11 84 34
11 51 43
11 37 30
12 59 48
12 13 24
12 82 50
12 31 62
13 83 79
13 41 39
13 65 75
13 43 98
13 38 80
14 33 40
14 96 8
14 43 10
14 71 51
15 35 90
15 45 92
15 20 78
15 16 15
15 42 68
16 37 93
16 91 41
16 90 86
16 59 93
16 70 85
16 20 89
16 45 51
17 73 37
17 70 38
17 82 26
17 50 90
18 36 40
18 46 20
19 56 66
19 38 15
19 71 87
19 95 79
19 54 25
20 97 85
20 57 69
20 46 26
20 44 67
20 41 19
21 89 96
21 45 20
21 35 3
21 85 27
21 50 52
22 87 18
22 46 39
22 80 76
22 68 17
22 76 69
24 31 76
24 77 95
24 73 52
24 59 26
25 60 70
25 96 98
25 98 68
25 41 65
25 49 30
25 83 36
26 51 27
26 61 41
26 66 70
26 52 97
26 80 38
27 79 89
27 80 96
27 89 30
27 29 86
27 36 86
27 55 97
28 98 21
29 67 69
30 37 70
30 36 64
30 93 9
30 65 77
30 97 31
31 90 18
31 97 77
31 65 91
31 82 14
31 74 20
31 96 21
32 59 63
32 78 28
32 95 17
32 83 36
32 75 96
32 86 43
32 72 45
33 80 94
34 94 19
34 43 70
34 69 37
34 40 88
34 81 49
34 80 58
34 44 24
35 64 73
35 67 88
36 86 62
36 44 59
37 59 99
37 41 37
39 93 50
39 82 53
40 92 95
40 82 95
40 60 39
40 70 64
41 69 30
41 66 57
42 74 47
42 99 78
42 60 15
42 54 35
42 91 56
42 84 7
42 46 45
43 47 8
43 73 36
43 64 83
43 82 77
44 65 90
45 60 69
45 74 24
46 63 66
46 89 72
46 79 7
46 84 23
46 67 18
46 57 71
47 79 10
47 64 26
49 95 34
49 62 12
49 99 57
50 88 94
50 79 1
50 71 98
51 79 67
51 88 35
51 73 59
51 72 77
51 61 83
51 78 21
51 90 74
54 57 92
55 64 45
56 90 88
57 76 85
57 58 61
57 82 69
60 74 5
60 70 75
60 66 46
60 92 89
61 75 91
62 95 24
62 84 23
63 66 67
64 70 61
64 96 82
66 70 23
66 76 65
66 82 97
67 93 78
67 98 16
68 87 37
68 89 27
69 83 86
69 71 26
69 90 9
71 79 39
74 92 86
74 80 13
75 92 95
77 96 42
78 88 90
79 85 83
81 89 19
82 95 30
82 97 86
83 99 94
86 99 35
87 88 40
91 92 5
91 94 82
93 96 80

50
1 47 19
1 39 46
1 7 89
1 44 19
1 13 22
2 14 5
2 9 58
2 24 71
2 40 84
3 4 54
3 21 39
3 29 19
3 36 82
4 6 57
4 33 4
4 49 63
4 23 16
4 45 84
4 16 50
4 46 98
5 45 22
5 24 69
5 39 7
5 11 75
6 44 62
6 38 38
6 24 58
6 13 51
7 44 94
7 45 70
7 23 30
8 19 77
8 22 65
8 37 72
8 35 94
8 20 8
8 13 87
8 9 62
9 33 40
9 10 35
9 12 2
9 14 30
9 46 80
9 15 84
9 26 51
9 23 63
9 32 99
9 38 13
10 25 77
10 16 17
10 44 49
10 33 33
11 27 24
11 49 43
11 35 52
12 33 37
12 46 45
12 32 1
12 40 96
12 44 86
13 49 82
13 29 76
13 22 57
14 26 91
14 46 66
14 19 5
14 33 41
14 25 62
15 49 29
16 45 86
16 24 80
16 17 35
16 34 49
16 40 78
16 41 74
17 46 98
17 49 1
17 33 92
17 36 52
17 42 43
18 31 50
19 45 92
19 30 25
19 20 22
19 38 7
20 41 86
20 39 3
20 22 34
20 46 78
21 25 98
21 30 45
21 26 10
21 22 14
21 46 42
22 33 83
22 38 35
22 41 86
23 43 48
24 39 63
24 46 81
24 31 87
24 34 30
24 48 7
24 25 69
25 43 72
26 37 85
26 30 49
28 48 58
28 39 50
28 47 75
28 37 1
29 38 90
29 41 72
29 48 96
32 46 75
32 47 36
32 38 72
32 36 26
33 47 83
34 46 43
34 42 97
35 46 37
37 40 85
42 49 17
42 47 2
42 48 56
43 47 35
47 48 3