50
1 47 19
1 39 46
1 7 89
1 44 19
1 13 22
2 14 5
2 9 58
2 24 71
2 40 84
3 4 54
3 21 39
3 29 19
3 36 82
4 6 57
4 33 4
4 49 63
4 23 16
4 45 84
4 16 50
4 46 98
5 45 22
5 24 69
5 39 7
5 11 75
6 44 62
6 38 38
6 24 58
6 13 51
7 44 94
7 45 70
7 23 30
8 19 77
8 22 65
8 37 72
8 35 94
8 20 8
8 13 87
8 9 62
9 33 40
9 10 35
9 12 2
9 14 30
9 46 80
9 15 84
9 26 51
9 23 63
9 32 99
9 38 13
10 25 77
10 16 17
10 44 49
10 33 33
11 27 24
11 49 43
11 35 52
12 33 37
12 46 45
12 32 1
12 40 96
12 44 86
13 49 82
13 29 76
13 22 57
14 26 91
14 46 66
14 19 5
14 33 41
14 25 62
15 49 29
16 45 86
16 24 80
16 17 35
16 34 49
16 40 78
16 41 74
17 46 98
17 49 1
17 33 92
17 36 52
17 42 43
18 31 50
19 45 92
19 30 25
19 20 22
19 38 7
20 41 86
20 39 3
20 22 34
20 46 78
21 25 98
21 30 45
21 26 10
21 22 14
21 46 42
22 33 83
22 38 35
22 41 86
23 43 48
24 39 63
24 46 81
24 31 87
24 34 30
24 48 7
24 25 69
25 43 72
26 37 85
26 30 49
28 48 58
28 39 50
28 47 75
28 37 1
29 38 90
29 41 72
29 48 96
32 46 75
32 47 36
32 38 72
32 36 26
33 47 83
34 46 43
34 42 97
35 46 37
37 40 85
42 49 17
42 47 2
42 48 56
43 47 35
47 48 3